avg_win:      0.004213
avg_loss:     0.003523
expectancy:   0.001170
win_rate=0.6067 * 0.004213 - 0.3933 * 0.003523
PASS
